USA/NY-Wadsworth-21001696-01/2020	24	-2.23	291	6		28911-28917	240,1058,1384,1737,2196,3036,3241,6610,7680,8015,10155,11915,14407,18746,20401,21613,23402,25562,25689,25895,27873,28086,28841,29620	28911,28912,28913,28914,28915,28916
USA/MD-MDH-0477/2020	22	-1.7	0	6		28911-28917	240,1058,1384,1737,3036,3241,4134,6610,9918,11580,11915,13959,14407,16404,18325,19585,21033,23402,25562,28085,28086,29419	28911,28912,28913,28914,28915,28916
USA/NY-Wadsworth-21001695-01/2020	22	-4.23	162	6		28911-28917	240,1058,1384,1737,2196,3036,3241,6610,7680,7845,11915,14407,20401,21613,23402,25562,25689,25895,27873,28086,28841,29620	28911,28912,28913,28914,28915,28916
USA/MD-MDH-0404/2020	21	-2.22	0	6		28911-28917	240,1058,1384,1737,3036,3241,6610,11580,11733,11736,11915,13959,14407,21033,23402,25562,26644,27691,28085,28086,29419	28911,28912,28913,28914,28915,28916
USA/MD-MDH-0457/2020	21	-2.7	0	6		28911-28917	240,1058,1384,1737,3036,3241,3438,4335,6610,11580,11915,12740,13959,14407,21033,23402,25562,26644,28085,28086,29419	28911,28912,28913,28914,28915,28916
USA/MD-MDH-0507/2020	21	-2.84	0	6		28911-28917	240,555,1058,1384,1737,3036,3241,6610,11580,11915,12472,13959,14407,21033,23402,25562,26644,28085,28086,28208,29419	28911,28912,28913,28914,28915,28916
USA/MD-CDC-2-3713971/2020	20	-5.14	24	6		28911-28917	240,1058,1384,1737,3036,3241,5076,6610,11580,11915,13959,14407,19815,21033,23402,25562,26644,28085,28086,29419	28911,28912,28913,28914,28915,28916
USA/MD-MDH-0504/2020	20	-3.84	0	6		28911-28917	240,1058,1384,1737,2196,3036,3241,4310,6610,7680,11915,14407,20401,22986,23402,25562,25689,27873,28086,29620	28911,28912,28913,28914,28915,28916
Japan/IC-0552/2020	20	nan	17	6		28911-28917	240,369,2284,3036,3392,4112,4319,5143,5906,7004,14407,21973,23190,23402,25570,27486,27533,28880,28881,28882	28911,28912,28913,28914,28915,28916
USA/MD-MDH-0424/2020	19	-4.15	0	6		28911-28917	240,1058,1384,1737,2196,3036,3241,6610,7680,11915,14407,15456,20401,23402,25562,25689,27873,28086,29620	28911,28912,28913,28914,28915,28916
USA/MD-MDH-0458/2020	19	-4.77	0	6		28911-28917	240,1058,1384,1737,3036,3241,6610,11580,11915,13959,14407,21033,23402,25562,26644,28085,28086,28208,29419	28911,28912,28913,28914,28915,28916
USA/MD-MDH-0466/2020	19	-4.7	0	6		28911-28917	240,1058,1384,1737,3036,3241,6610,11580,11915,13959,14407,21033,23402,25562,25843,26644,28085,28086,29419	28911,28912,28913,28914,28915,28916
USA/MD-MDH-0498/2020	19	-7.58	0	6		28911-28917	240,1058,1384,1737,3036,3241,6610,11580,11915,13959,14407,18130,21033,23402,25562,26463,28085,28086,29419	28911,28912,28913,28914,28915,28916
USA/MD-MDH-0499/2020	19	-7.58	0	6		28911-28917	240,1058,1384,1737,3036,3241,6610,11580,11915,13959,14407,18130,21033,23402,25562,26463,28085,28086,29419	28911,28912,28913,28914,28915,28916
USA/MD-MDH-0500/2020	19	-7.58	0	6		28911-28917	240,1058,1384,1737,3036,3241,6610,11580,11915,13959,14407,18130,21033,23402,25562,26463,28085,28086,29419	28911,28912,28913,28914,28915,28916
USA/MD-MDH-0377/2020	18	-4.6	80	6		28911-28917	240,1058,1384,1737,3036,3241,6610,11580,11915,13959,14407,21033,23402,25562,26644,28085,28086,29419	28911,28912,28913,28914,28915,28916
USA/MD-MDH-0379/2020	18	-4.6	0	6		28911-28917	240,1058,1384,1737,2196,3036,3241,6610,7680,11915,14407,20401,23402,25562,25689,27873,28086,29620	28911,28912,28913,28914,28915,28916
USA/NY-Wadsworth-276329-01/2020	18	-6.11	230	6		28911-28917	240,1058,1384,1737,3036,3241,4295,6610,11580,11915,14170,14407,16289,23402,23586,25562,28086,29027	28911,28912,28913,28914,28915,28916
USA/MD-HP12019/2020	18	-5.42	17	6		28911-28917	240,1058,1384,1737,2196,3036,3241,6610,7680,11915,14407,20401,23402,25562,25689,27873,28086,29620	28911,28912,28913,28914,28915,28916
USA/DC-DFS-PHL-0105/2020	18	-8.23	0	6		28911-28917	240,1058,1384,1737,3036,3241,6610,11580,11915,13959,14407,17746,21033,23402,25562,28085,28086,29419	28911,28912,28913,28914,28915,28916
USA/MD-MDH-0341/2020	17	-4.92	220	6		28911-28917	240,1058,1384,1737,3036,3241,6610,11580,11915,13959,14407,21033,23402,25562,28085,28086,29419	28911,28912,28913,28914,28915,28916
USA/MD-MDH-0378/2020	17	-5.6	0	6		28911-28917	240,1058,1384,1737,3036,3241,6610,11580,11915,13959,14407,21033,23402,25562,28085,28086,29419	28911,28912,28913,28914,28915,28916
USA/MD-MDH-0339/2020	17	-4.92	0	6		28911-28917	240,1058,1384,1737,3036,3241,6610,11580,11915,13959,14407,21033,23402,25562,28085,28086,29419	28911,28912,28913,28914,28915,28916
USA/NY-CDC-2-3714095/2020	17	-7.11	13	6		28911-28917	240,1058,1384,1737,3036,3241,4295,6610,11580,11915,14170,14407,16289,23402,23586,25562,28086	28911,28912,28913,28914,28915,28916
USA/MD-MDH-0209/2020	16	-3.86	0	6		28911-28917	240,1058,1384,1737,3036,3241,6610,11580,11915,14407,21033,23402,25562,28085,28086,29419	28911,28912,28913,28914,28915,28916
USA/MD-MDH-0204/2020	15	-4.79	0	6		28911-28917	240,1058,1384,1737,3036,3241,6610,11580,11915,14407,21033,23402,25562,28086,29419	28911,28912,28913,28914,28915,28916
USA/MD-MDH-0215/2020	15	-4.93	0	6		28911-28917	240,1058,1384,1737,2484,2634,3036,3241,6610,8174,11915,14407,23402,25562,28086	28911,28912,28913,28914,28915,28916
USA/MD-MDH-0218/2020	15	-5.0	0	6		28911-28917	240,1058,1384,1737,3036,3241,6610,11580,11915,14407,21033,23402,25562,28086,29419	28911,28912,28913,28914,28915,28916
USA/MA-MGH-03271/2020	15	-7.26	2	6		28911-28917	240,1058,1384,1737,3036,3241,5783,6610,11580,11915,14170,14407,23402,25562,28086	28911,28912,28913,28914,28915,28916
USA/MA-MGH-03277/2020	15	-7.4	16	6		28911-28917	240,1058,1384,1737,3036,3241,5783,6610,11580,11915,14170,14407,23402,25562,28086	28911,28912,28913,28914,28915,28916
USA/MA-MGH-03287/2020	15	-7.6	0	6		28911-28917	240,1058,1384,1737,3036,3241,5783,6610,11580,11915,14170,14407,23402,25562,28086	28911,28912,28913,28914,28915,28916
USA/MD-MDH-0206/2020	13	-6.86	0	6		28911-28917	240,1058,1384,1737,3036,3241,6610,11915,14407,16409,23402,25562,28086	28911,28912,28913,28914,28915,28916
USA/MD-MDH-0207/2020	13	-6.79	0	6		28911-28917	240,1058,1384,1737,3036,3241,6610,11915,14407,16409,23402,25562,28086	28911,28912,28913,28914,28915,28916
USA/MD-MDH-0208/2020	13	-6.79	0	6		28911-28917	240,1058,1384,1737,3036,3241,6610,11915,14407,16409,23402,25562,28086	28911,28912,28913,28914,28915,28916
USA/FL-BPHL-2170/2020	13	-4.6	0	6		28911-28917	240,1058,1297,3036,10581,12693,14407,19874,22226,23402,23592,25562,26339	28911,28912,28913,28914,28915,28916
USA/FL-BPHL-2220/2020	13	-4.53	161	6		28911-28917	240,1058,1297,1386,3036,9560,12693,13010,14407,19998,23402,25562,25843	28911,28912,28913,28914,28915,28916
USA/FL-BPHL-1902/2020	12	-3.68	413	6		28911-28917	240,1058,1297,3036,4425,12693,14052,14407,21845,23402,24585,25562	28911,28912,28913,28914,28915,28916
USA/FL-BPHL-2186/2020	12	-6.08	2	6		28911-28917	240,538,1058,1297,3036,12693,14407,15008,23402,23592,24958,25562	28911,28912,28913,28914,28915,28916
USA/FL-BPHL-1904/2020	11	-4.68	952	6		28911-28917	238,240,1058,1297,3036,3428,12693,14407,17134,23402,25562	28911,28912,28913,28914,28915,28916
USA/FL-BPHL-1908/2020	11	-4.68	528	6		28911-28917	240,1058,1297,3036,4425,12693,14407,21845,23402,24585,25562	28911,28912,28913,28914,28915,28916
USA/FL-BPHL-1910/2020	11	-4.68	49	6		28911-28917	240,1058,1297,3036,4425,12693,14407,21845,23402,24585,25562	28911,28912,28913,28914,28915,28916
USA/FL-BPHL-2068/2020	11	-3.93	0	6		28911-28917	240,831,1058,1297,3036,12693,14407,15948,23402,25562,27738	28911,28912,28913,28914,28915,28916
USA/FL-BPHL-2215/2020	11	-6.05	111	6		28911-28917	240,1058,1297,1386,3036,12693,13010,14407,23402,25562,25843	28911,28912,28913,28914,28915,28916
USA/FL-BPHL-1903/2020	10	-5.68	17	6		28911-28917	238,240,1058,1297,3036,3428,12693,14407,23402,25562	28911,28912,28913,28914,28915,28916
USA/FL-BPHL-1905/2020	10	-5.68	206	6		28911-28917	238,240,1058,1297,3036,3428,12693,14407,23402,25562	28911,28912,28913,28914,28915,28916
USA/FL-BPHL-1906/2020	10	-5.68	197	6		28911-28917	238,240,1058,1297,3036,3428,12693,14407,23402,25562	28911,28912,28913,28914,28915,28916
Australia/VIC1490/2020	9	-1.14	191	6		28911-28917	883,1396,6663,8652,11082,26291,28687,29540,29741	28911,28912,28913,28914,28915,28916
Australia/VIC1733/2020	9	-1.68	716	6		28911-28917	883,1396,6663,8652,11082,26291,28687,29540,29741	28911,28912,28913,28914,28915,28916
USA/FL-BPHL-1893/2020	9	-6.48	804	6		28911-28917	1058,1297,3036,12693,14407,16436,23402,25562,28232	28911,28912,28913,28914,28915,28916
USA/FL-BPHL-2047/2020	9	-5.04	0	6		28911-28917	240,1058,1297,3036,12693,14407,23402,25562,27738	28911,28912,28913,28914,28915,28916
USA/FL-BPHL-2050/2020	9	-5.45	0	6		28911-28917	240,1058,1297,3036,12693,14407,23402,25562,27738	28911,28912,28913,28914,28915,28916
USA/FL-BPHL-2051/2020	9	-5.45	0	6		28911-28917	240,1058,1297,3036,12693,14407,23402,25562,27738	28911,28912,28913,28914,28915,28916
USA/FL-BPHL-2053/2020	9	-5.32	0	6		28911-28917	240,1058,1297,3036,12693,14407,23402,25562,27738	28911,28912,28913,28914,28915,28916
USA/FL-BPHL-2065/2020	9	-5.11	0	6		28911-28917	240,1058,1297,3036,12693,14407,23402,25562,27738	28911,28912,28913,28914,28915,28916
USA/FL-BPHL-2067/2020	9	-5.93	0	6		28911-28917	240,1058,1297,3036,12693,14407,23402,25562,27738	28911,28912,28913,28914,28915,28916
USA/FL-BPHL-2080/2020	9	-6.14	0	6		28911-28917	240,1058,1297,3036,12693,14407,23402,25562,27738	28911,28912,28913,28914,28915,28916
USA/FL-BPHL-2094/2020	9	-7.64	1283	6		28911-28917	240,1058,1297,3036,12693,14407,23402,24094,25562	28911,28912,28913,28914,28915,28916
USA/FL-BPHL-1928/2020	8	-8.51	3732	6		28911-28917	240,1058,1297,12693,14407,23402,23592,25562	28911,28912,28913,28914,28915,28916
USA/FL-BPHL-2066/2020	8	-6.45	296	6		28911-28917	1058,1297,3036,12693,14407,23402,25562,27738	28911,28912,28913,28914,28915,28916
